Number of Data Points = 12
       
File	hc(nm)	Pmax(µN)	S(µN/nm)	A(nm^2)	hmax(nm)	heff(nm)	Er(GPa)	H(GPa)	A	hf(nm)	m	X(mm)	Y(mm)	Drift(nm/s)
Kenichi_Gyroids_Position 177 0004 LC.hys	4.957323	9.521229	2.079754	8252.975376	567.988527	8.390864	20.283436	1.153672	0.399737	1.089823	1.594791	13.537059	-10.50984	0.414013
Kenichi_Gyroids_Position 177 0004 LC.hys	116.404399	151.449023	15.749995	495758.179432	567.988527	123.61626	19.818935	0.30549	2.703332	109.133725	1.506116	13.537059	-10.50984	0.414013
Kenichi_Gyroids_Position 177 0004 LC.hys	214.543082	464.193337	41.262224	1427567.549953	567.988527	222.980461	30.597724	0.325164	1.149585	201.10124	1.944848	13.537059	-10.50984	0.414013
Kenichi_Gyroids_Position 177 0004 LC.hys	289.352058	947.042353	71.185539	2454626.349776	567.988527	299.329952	40.256305	0.385819	2.512175	274.698187	1.851475	13.537059	-10.50984	0.414013
Kenichi_Gyroids_Position 177 0004 LC.hys	341.291879	1600.502837	90.401745	3328935.999126	567.988527	354.570131	43.899434	0.480785	33.492543	332.458905	1.248916	13.537059	-10.50984	0.414013
Kenichi_Gyroids_Position 177 0004 LC.hys	382.206222	2423.989331	117.668646	4110700.062584	567.988527	397.65632	51.420665	0.589678	14.774021	366.969436	1.489645	13.537059	-10.50984	0.414013
Kenichi_Gyroids_Position 177 0004 LC.hys	413.864294	3419.982869	133.844809	4771875.329042	567.988527	433.028183	54.286497	0.716696	21.337739	396.871639	1.415026	13.537059	-10.50984	0.414013
Kenichi_Gyroids_Position 177 0004 LC.hys	439.561744	4582.115362	147.23577	5344665.564919	567.988527	462.902448	56.427121	0.857325	15.858171	416.856699	1.479575	13.537059	-10.50984	0.414013
Kenichi_Gyroids_Position 177 0004 LC.hys	463.061233	5919.709426	159.773388	5896782.267791	567.988527	490.849228	58.295056	1.003888	10.623186	433.093228	1.558839	13.537059	-10.50984	0.414013
Kenichi_Gyroids_Position 177 0004 LC.hys	486.175492	7425.03869	177.310633	6466240.203184	567.988527	517.582401	61.779401	1.148278	1.049289	433.762864	2.001619	13.537059	-10.50984	0.414013
Kenichi_Gyroids_Position 177 0004 LC.hys	506.183044	9103.025461	182.259206	6980293.094125	567.988527	543.642162	61.120581	1.304104	5.61412	460.201839	1.670628	13.537059	-10.50984	0.414013
Kenichi_Gyroids_Position 177 0004 LC.hys	525.677816	10798.304753	196.366134	7500035.089863	567.988527	566.920817	63.528671	1.439767	0.978715	457.827269	1.983856	13.537059	-10.50984	0.414013

