Number of Data Points = 12
       
File	hc(nm)	Pmax(µN)	S(µN/nm)	A(nm^2)	hmax(nm)	heff(nm)	Er(GPa)	H(GPa)	A	hf(nm)	m	X(mm)	Y(mm)	Drift(nm/s)
Kenichi_Gyroids_Position 177 0006 LC.hys	4.358603	9.393755	1.770716	7242.057659	534.39193	8.337398	18.435407	1.297111	0.345239	0.050019	1.562165	13.637059	-10.50984	0.222918
Kenichi_Gyroids_Position 177 0006 LC.hys	95.466746	152.13159	15.90798	357967.091209	534.39193	102.639164	23.557452	0.424988	0.697044	84.773594	1.868153	13.637059	-10.50984	0.222918
Kenichi_Gyroids_Position 177 0006 LC.hys	193.515633	466.120629	42.961335	1188224.625295	534.39193	201.652961	34.919123	0.392283	0.665105	178.901359	2.096966	13.637059	-10.50984	0.222918
Kenichi_Gyroids_Position 177 0006 LC.hys	261.420747	951.255324	68.516475	2039091.279706	534.39193	271.833447	42.511997	0.466509	15.842068	252.602949	1.385123	13.637059	-10.50984	0.222918
Kenichi_Gyroids_Position 177 0006 LC.hys	313.94387	1607.845523	95.75223	2852112.0713	534.39193	326.537667	50.234309	0.563739	14.68279	301.921972	1.465942	13.637059	-10.50984	0.222918
Kenichi_Gyroids_Position 177 0006 LC.hys	351.420174	2435.694358	118.798446	3514823.575922	534.39193	366.797234	56.142768	0.692978	8.826779	333.831771	1.607856	13.637059	-10.50984	0.222918
Kenichi_Gyroids_Position 177 0006 LC.hys	381.439201	3434.940209	133.973248	4095290.09032	534.39193	400.668452	58.655748	0.838754	6.479358	357.85646	1.6698	13.637059	-10.50984	0.222918
Kenichi_Gyroids_Position 177 0006 LC.hys	406.78217	4605.371346	142.285444	4619702.786607	534.39193	431.057517	58.652737	0.996898	20.452311	385.220886	1.416148	13.637059	-10.50984	0.222918
Kenichi_Gyroids_Position 177 0006 LC.hys	430.945194	5947.095409	160.038847	5148999.576501	534.39193	458.815437	62.488315	1.155	4.367612	394.428603	1.732677	13.637059	-10.50984	0.222918
Kenichi_Gyroids_Position 177 0006 LC.hys	452.033727	7459.844557	167.165138	5634323.876438	534.39193	485.502927	62.396415	1.324	5.462186	410.811412	1.673737	13.637059	-10.50984	0.222918
Kenichi_Gyroids_Position 177 0006 LC.hys	472.279336	9144.133977	178.325639	6120747.690967	534.39193	510.737633	63.862568	1.493957	4.251424	422.832604	1.714293	13.637059	-10.50984	0.222918
Kenichi_Gyroids_Position 177 0006 LC.hys	492.474405	10999.298419	197.650113	6625962.619289	534.39193	534.212169	68.031086	1.66003	0.334982	413.482746	2.169428	13.637059	-10.50984	0.222918

