Number of Data Points = 12
       
File	hc(nm)	Pmax(µN)	S(µN/nm)	A(nm^2)	hmax(nm)	heff(nm)	Er(GPa)	H(GPa)	A	hf(nm)	m	X(mm)	Y(mm)	Drift(nm/s)
Kenichi_Gyroids_Position 177 0000 LC.hys	4.736263	9.482327	2.246492	7878.073203	539.247088	7.901975	22.42486	1.203635	0.575443	1.520548	1.511847	13.537059	-10.55984	-0.936312
Kenichi_Gyroids_Position 177 0000 LC.hys	113.309446	152.168988	18.286081	474039.632634	539.247088	119.550627	23.531421	0.321005	0.573153	103.00011	1.988868	13.537059	-10.55984	-0.936312
Kenichi_Gyroids_Position 177 0000 LC.hys	197.983179	466.146563	40.721407	1237264.705002	539.247088	206.568587	32.435926	0.376756	1.845164	185.719488	1.821326	13.537059	-10.55984	-0.936312
Kenichi_Gyroids_Position 177 0000 LC.hys	268.697274	951.512948	70.208733	2143663.793264	539.247088	278.861747	42.486174	0.443872	2.187001	253.420036	1.877253	13.537059	-10.55984	-0.936312
Kenichi_Gyroids_Position 177 0000 LC.hys	321.317252	1607.965703	96.582422	2977062.879057	539.247088	333.80373	49.595117	0.540118	14.5607	309.314605	1.470939	13.537059	-10.55984	-0.936312
Kenichi_Gyroids_Position 177 0000 LC.hys	361.224296	2435.428741	120.842241	3699547.884204	539.247088	376.339636	55.664623	0.658304	6.330623	342.32445	1.687781	13.537059	-10.55984	-0.936312
Kenichi_Gyroids_Position 177 0000 LC.hys	392.172739	3434.585437	132.652246	4313554.32384	539.247088	411.591476	56.588971	0.796231	20.862254	374.908518	1.416787	13.537059	-10.55984	-0.936312
Kenichi_Gyroids_Position 177 0000 LC.hys	417.874588	4605.652683	147.360247	4859133.525408	539.247088	441.31537	59.229184	0.947834	10.400335	392.368521	1.56608	13.537059	-10.55984	-0.936312
Kenichi_Gyroids_Position 177 0000 LC.hys	440.009612	5947.085353	157.008354	5354935.27379	539.247088	468.417744	60.114671	1.11058	14.134355	411.734431	1.49649	13.537059	-10.55984	-0.936312
Kenichi_Gyroids_Position 177 0000 LC.hys	460.023475	7459.396092	168.531389	5823888.075964	539.247088	493.219351	61.874132	1.280828	9.577719	423.736644	1.569834	13.537059	-10.55984	-0.936312
Kenichi_Gyroids_Position 177 0000 LC.hys	479.337208	9144.141364	181.580059	6295041.444374	539.247088	517.106256	64.121502	1.452594	2.704814	426.338842	1.802417	13.537059	-10.55984	-0.936312
Kenichi_Gyroids_Position 177 0000 LC.hys	497.71959	10999.757515	199.994442	6760448.748626	539.247088	538.969827	68.149864	1.627075	1.106516	430.86857	1.965466	13.537059	-10.55984	-0.936312

