Number of Data Points = 12
       
File	hc(nm)	Pmax(µN)	S(µN/nm)	A(nm^2)	hmax(nm)	heff(nm)	Er(GPa)	H(GPa)	A	hf(nm)	m	X(mm)	Y(mm)	Drift(nm/s)
Kenichi_Gyroids_Position 177 0010 LC.hys	2.517131	9.598536	1.99495	4214.455098	524.187713	6.125693	27.226773	2.277527	0.986223	0.055012	1.261724	13.637059	-10.45984	-0.030827
Kenichi_Gyroids_Position 177 0010 LC.hys	89.231439	152.265288	16.176112	321075.39218	524.187713	96.291167	25.293298	0.474235	0.465605	77.657859	1.979535	13.637059	-10.45984	-0.030827
Kenichi_Gyroids_Position 177 0010 LC.hys	177.887539	466.262445	41.061139	1024364.269368	524.187713	186.404031	35.94501	0.455172	1.35811	164.821312	1.90067	13.637059	-10.45984	-0.030827
Kenichi_Gyroids_Position 177 0010 LC.hys	249.990477	951.491152	72.699796	1880060.70332	524.187713	259.806438	46.976654	0.506096	0.929835	232.406256	2.093543	13.637059	-10.45984	-0.030827
Kenichi_Gyroids_Position 177 0010 LC.hys	300.991035	1608.368246	99.174225	2639058.861023	524.187713	313.154238	54.089019	0.609448	3.907014	284.158435	1.787922	13.637059	-10.45984	-0.030827
Kenichi_Gyroids_Position 177 0010 LC.hys	340.11534	2435.944779	117.831076	3307668.391914	524.187713	355.620236	57.402881	0.736454	14.823571	324.841801	1.488809	13.637059	-10.45984	-0.030827
Kenichi_Gyroids_Position 177 0010 LC.hys	370.91382	3434.643074	133.725857	3886739.331009	524.187713	390.176978	60.097653	0.883682	13.958077	351.492819	1.506146	13.637059	-10.45984	-0.030827
Kenichi_Gyroids_Position 177 0010 LC.hys	396.824455	4605.340691	149.517273	4409898.947809	524.187713	419.925502	63.082933	1.044319	13.400069	373.149451	1.518634	13.637059	-10.45984	-0.030827
Kenichi_Gyroids_Position 177 0010 LC.hys	420.144647	5946.516858	160.91481	4908875.943918	524.187713	447.860478	64.348706	1.211381	6.284933	386.378834	1.663715	13.637059	-10.45984	-0.030827
Kenichi_Gyroids_Position 177 0010 LC.hys	442.251723	7459.615047	171.483582	5406495.030177	524.187713	474.877069	65.34306	1.379751	5.716294	402.091459	1.673215	13.637059	-10.45984	-0.030827
Kenichi_Gyroids_Position 177 0010 LC.hys	462.468051	9144.45807	180.440405	5882512.722238	524.187713	500.476963	65.915444	1.554516	5.488417	415.785468	1.671151	13.637059	-10.45984	-0.030827
Kenichi_Gyroids_Position 177 0010 LC.hys	482.741418	10999.169524	201.385387	6379980.642032	524.187713	523.704555	70.640392	1.724013	0.435942	407.326312	2.130786	13.637059	-10.45984	-0.030827

