Number of Data Points = 12
       
File	hc(nm)	Pmax(µN)	S(µN/nm)	A(nm^2)	hmax(nm)	heff(nm)	Er(GPa)	H(GPa)	A	hf(nm)	m	X(mm)	Y(mm)	Drift(nm/s)
Kenichi_Gyroids_Position 177 0011 LC.hys	2.582129	9.358618	2.266646	4319.510622	502.164837	5.67876	30.556328	2.166592	0.991938	0.219254	1.322285	13.687059	-10.45984	-0.089752
Kenichi_Gyroids_Position 177 0011 LC.hys	87.164871	152.073586	17.988255	309267.758861	502.164837	93.505408	28.658704	0.491721	0.100181	73.003324	2.42512	13.687059	-10.45984	-0.089752
Kenichi_Gyroids_Position 177 0011 LC.hys	179.46919	466.066688	43.674533	1040403.972418	502.164837	187.47271	37.936923	0.447967	2.883403	168.899	1.740519	13.687059	-10.45984	-0.089752
Kenichi_Gyroids_Position 177 0011 LC.hys	241.904073	951.137458	71.182652	1771418.390328	502.164837	251.925519	47.385822	0.536936	7.517647	230.742215	1.585348	13.687059	-10.45984	-0.089752
Kenichi_Gyroids_Position 177 0011 LC.hys	290.001405	1608.008492	95.632406	2464741.208447	502.164837	302.61226	53.970228	0.652405	16.473912	278.432106	1.438056	13.687059	-10.45984	-0.089752
Kenichi_Gyroids_Position 177 0011 LC.hys	325.926134	2435.532323	115.805652	3056518.478139	502.164837	341.699538	58.688238	0.796832	14.514376	310.410113	1.487762	13.687059	-10.45984	-0.089752
Kenichi_Gyroids_Position 177 0011 LC.hys	354.304267	3434.572974	133.213537	3568675.368201	502.164837	373.641114	62.478366	0.962422	11.715266	333.874006	1.542409	13.687059	-10.45984	-0.089752
Kenichi_Gyroids_Position 177 0011 LC.hys	378.728868	4604.879841	149.26702	4041068.514741	502.164837	401.866329	65.788591	1.13952	5.266598	349.160992	1.708442	13.687059	-10.45984	-0.089752
Kenichi_Gyroids_Position 177 0011 LC.hys	400.279592	5946.352165	157.645123	4482146.568456	502.164837	428.569488	65.973928	1.326675	6.823767	366.669811	1.641037	13.687059	-10.45984	-0.089752
Kenichi_Gyroids_Position 177 0011 LC.hys	421.143157	7460.826204	169.196349	4930835.617316	502.164837	454.214909	67.509603	1.513096	4.699752	378.995021	1.705834	13.687059	-10.45984	-0.089752
Kenichi_Gyroids_Position 177 0011 LC.hys	440.027187	9144.138076	176.405615	5355338.457992	502.164837	478.904087	67.538867	1.707481	6.428535	394.141285	1.635215	13.687059	-10.45984	-0.089752
Kenichi_Gyroids_Position 177 0011 LC.hys	460.261649	10999.353127	196.684607	5829586.979479	502.164837	502.204509	72.174919	1.886815	0.292223	379.668325	2.191127	13.687059	-10.45984	-0.089752

