Number of Data Points = 12
       
File	hc(nm)	Pmax(µN)	S(µN/nm)	A(nm^2)	hmax(nm)	heff(nm)	Er(GPa)	H(GPa)	A	hf(nm)	m	X(mm)	Y(mm)	Drift(nm/s)
Kenichi_Gyroids_Position 177 0003 LC.hys	5.973031	9.498698	1.756102	10001.269418	553.136223	10.029757	15.558113	0.949749	1.756102	4.620789	1.0	13.687059	-10.55984	0.574002
Kenichi_Gyroids_Position 177 0003 LC.hys	113.049221	152.176903	15.700596	472234.888472	553.136223	120.318543	20.242863	0.322248	0.932847	103.002596	1.786544	13.687059	-10.55984	0.574002
Kenichi_Gyroids_Position 177 0003 LC.hys	213.022074	466.124454	42.945633	1409528.386399	553.136223	221.162443	32.04918	0.330695	0.479474	197.547142	2.175758	13.687059	-10.55984	0.574002
Kenichi_Gyroids_Position 177 0003 LC.hys	282.297747	951.25517	67.106512	2346072.467319	553.136223	292.929225	38.817609	0.405467	13.750422	272.893684	1.413412	13.687059	-10.55984	0.574002
Kenichi_Gyroids_Position 177 0003 LC.hys	334.079293	1607.955573	97.651708	3199624.622648	553.136223	346.428966	48.368782	0.502545	6.718235	319.14702	1.656842	13.687059	-10.55984	0.574002
Kenichi_Gyroids_Position 177 0003 LC.hys	370.664467	2435.85065	115.238366	3881864.4227	553.136223	386.51759	51.82171	0.627495	11.271468	353.908249	1.542725	13.687059	-10.55984	0.574002
Kenichi_Gyroids_Position 177 0003 LC.hys	399.917182	3434.525072	130.167445	4474541.039388	553.136223	419.706261	54.520893	0.76757	13.664342	380.074936	1.502015	13.687059	-10.55984	0.574002
Kenichi_Gyroids_Position 177 0003 LC.hys	425.709027	4605.432021	143.505502	5031872.59918	553.136223	449.778307	56.681138	0.915252	16.763338	402.929419	1.459814	13.687059	-10.55984	0.574002
Kenichi_Gyroids_Position 177 0003 LC.hys	448.814965	5946.804603	153.109985	5558839.472893	553.136223	477.945027	57.536876	1.069792	12.697153	419.287524	1.510231	13.687059	-10.55984	0.574002
Kenichi_Gyroids_Position 177 0003 LC.hys	470.375316	7459.991245	166.314443	6074146.008616	553.136223	504.016372	59.789123	1.228155	8.175576	432.430295	1.595953	13.687059	-10.55984	0.574002
Kenichi_Gyroids_Position 177 0003 LC.hys	491.389064	9143.642606	180.075578	6598302.879914	553.136223	529.471585	62.111715	1.385757	2.043743	435.514743	1.850393	13.687059	-10.55984	0.574002
Kenichi_Gyroids_Position 177 0003 LC.hys	510.861512	11000.267101	195.267197	7103325.772955	553.136223	553.112337	64.913235	1.548608	0.38059	432.395317	2.142864	13.687059	-10.55984	0.574002

