Number of Data Points = 12
       
File	hc(nm)	Pmax(µN)	S(µN/nm)	A(nm^2)	hmax(nm)	heff(nm)	Er(GPa)	H(GPa)	A	hf(nm)	m	X(mm)	Y(mm)	Drift(nm/s)
Kenichi_Gyroids_Position 177 0013 LC.hys	2.614994	9.515266	2.241645	4372.669787	540.864291	5.79857	30.035053	2.176077	0.873446	0.019684	1.361414	13.587059	-10.40984	-0.105842
Kenichi_Gyroids_Position 177 0013 LC.hys	92.085999	152.141242	16.405202	337728.710256	540.864291	99.041471	25.011079	0.450484	4.046813	85.959857	1.410574	13.587059	-10.40984	-0.105842
Kenichi_Gyroids_Position 177 0013 LC.hys	192.116536	466.204221	41.787995	1173067.738277	540.864291	200.483847	34.184152	0.397423	0.82105	177.814413	2.031964	13.587059	-10.40984	-0.105842
Kenichi_Gyroids_Position 177 0013 LC.hys	263.136395	951.32613	70.930522	2063513.59164	540.864291	273.195458	43.748616	0.461022	1.763336	247.275285	1.932598	13.587059	-10.40984	-0.105842
Kenichi_Gyroids_Position 177 0013 LC.hys	316.833825	1607.841577	101.678695	2900768.504644	540.864291	328.693549	52.894225	0.554281	1.268871	296.230206	2.052957	13.587059	-10.40984	-0.105842
Kenichi_Gyroids_Position 177 0013 LC.hys	355.804025	2435.687905	120.003822	3596839.882649	540.864291	371.02659	56.062099	0.677174	6.824616	337.159898	1.668577	13.587059	-10.40984	-0.105842
Kenichi_Gyroids_Position 177 0013 LC.hys	386.445277	3434.526905	133.826915	4196385.294897	540.864291	405.693237	57.881612	0.818449	11.671969	366.049717	1.544716	13.587059	-10.40984	-0.105842
Kenichi_Gyroids_Position 177 0013 LC.hys	412.684714	4605.176864	143.538002	4746359.332374	540.864291	436.74721	58.374264	0.970255	25.940545	392.818424	1.369209	13.587059	-10.40984	-0.105842
Kenichi_Gyroids_Position 177 0013 LC.hys	437.07007	5946.309459	159.615106	5287710.424443	540.864291	465.010609	61.499982	1.124553	10.686923	407.011401	1.556856	13.587059	-10.40984	-0.105842
Kenichi_Gyroids_Position 177 0013 LC.hys	459.301595	7460.285981	173.667304	5806632.283701	540.864291	491.519602	63.854385	1.284787	4.532021	417.585776	1.721099	13.587059	-10.40984	-0.105842
Kenichi_Gyroids_Position 177 0013 LC.hys	479.582418	9143.981125	182.612797	6301140.763185	540.864291	517.137211	64.454975	1.451163	4.240513	430.899794	1.722232	13.587059	-10.40984	-0.105842
Kenichi_Gyroids_Position 177 0013 LC.hys	499.161703	10999.573486	198.210973	6797660.658385	540.864291	540.782407	67.357007	1.618141	1.087982	431.717104	1.965343	13.587059	-10.40984	-0.105842

