Number of Data Points = 12
       
File	hc(nm)	Pmax(µN)	S(µN/nm)	A(nm^2)	hmax(nm)	heff(nm)	Er(GPa)	H(GPa)	A	hf(nm)	m	X(mm)	Y(mm)	Drift(nm/s)
Kenichi_Gyroids_Position 177 0001 LC.hys	2.294802	9.558545	2.070961	3855.887587	525.813438	5.756437	29.549118	2.478948	1.090272	0.020114	1.242836	13.587059	-10.55984	0.206991
Kenichi_Gyroids_Position 177 0001 LC.hys	104.297986	152.247669	16.525816	413470.977676	525.813438	111.207524	22.77064	0.368219	0.827584	94.23951	1.841803	13.587059	-10.55984	0.206991
Kenichi_Gyroids_Position 177 0001 LC.hys	200.769793	466.163366	41.80036	1268348.17947	525.813438	209.133897	32.884831	0.367536	0.416619	184.652514	2.195219	13.587059	-10.55984	0.206991
Kenichi_Gyroids_Position 177 0001 LC.hys	267.499494	951.37385	74.116584	2126271.940739	525.813438	277.12663	45.034031	0.447438	1.179093	250.844205	2.047527	13.587059	-10.55984	0.206991
Kenichi_Gyroids_Position 177 0001 LC.hys	316.55362	1607.961808	99.633215	2896032.945653	525.813438	328.65773	51.872505	0.555229	4.65466	300.420835	1.749626	13.587059	-10.55984	0.206991
Kenichi_Gyroids_Position 177 0001 LC.hys	351.651435	2435.516976	113.329314	3519126.660132	525.813438	367.769399	53.525365	0.69208	14.485571	335.941762	1.481001	13.587059	-10.55984	0.206991
Kenichi_Gyroids_Position 177 0001 LC.hys	379.756996	3435.004798	131.554412	4061594.371937	525.813438	399.340175	57.835164	0.845728	10.423464	358.52545	1.563129	13.587059	-10.55984	0.206991
Kenichi_Gyroids_Position 177 0001 LC.hys	403.981548	4605.531338	144.24222	4560204.176506	525.813438	427.92841	59.845994	1.00994	13.921087	380.046937	1.499616	13.587059	-10.55984	0.206991
Kenichi_Gyroids_Position 177 0001 LC.hys	425.831099	5947.224238	155.704622	5034587.907553	525.813438	454.477764	61.482903	1.181273	10.735056	395.337391	1.548358	13.587059	-10.55984	0.206991
Kenichi_Gyroids_Position 177 0001 LC.hys	445.664346	7459.863894	166.920551	5485444.672656	525.813438	479.182675	63.144964	1.359938	8.457408	408.096044	1.590621	13.587059	-10.55984	0.206991
Kenichi_Gyroids_Position 177 0001 LC.hys	464.546934	9143.899965	178.013352	5932597.838818	525.813438	503.071712	64.753754	1.541298	4.044942	414.576084	1.722832	13.587059	-10.55984	0.206991
Kenichi_Gyroids_Position 177 0001 LC.hys	483.765927	10999.845934	198.157678	6405654.534914	525.813438	525.398856	69.368767	1.717209	0.360553	405.625352	2.15767	13.587059	-10.55984	0.206991

