Number of Data Points = 12
       
File	hc(nm)	Pmax(µN)	S(µN/nm)	A(nm^2)	hmax(nm)	heff(nm)	Er(GPa)	H(GPa)	A	hf(nm)	m	X(mm)	Y(mm)	Drift(nm/s)
Kenichi_Gyroids_Position 177 0009 LC.hys	6.960688	9.499312	1.704477	11743.202878	550.576637	11.140553	13.935826	0.80892	0.076976	0.005249	1.998026	13.587059	-10.45984	-0.00482
Kenichi_Gyroids_Position 177 0009 LC.hys	106.908096	152.239814	16.062581	430605.652639	550.576637	114.016534	21.68754	0.353548	1.228991	97.668919	1.724811	13.587059	-10.45984	-0.00482
Kenichi_Gyroids_Position 177 0009 LC.hys	205.960177	466.137827	42.373605	1327258.342851	550.576637	214.210676	32.58761	0.351204	1.117377	192.610109	1.963569	13.587059	-10.45984	-0.00482
Kenichi_Gyroids_Position 177 0009 LC.hys	279.984952	951.308373	70.595267	2311013.030138	550.576637	290.091597	41.144256	0.411641	6.353454	268.215412	1.623401	13.587059	-10.45984	-0.00482
Kenichi_Gyroids_Position 177 0009 LC.hys	331.625118	1608.054081	96.269236	3156205.823669	550.576637	344.152906	48.010883	0.50949	13.256719	319.229461	1.49209	13.587059	-10.45984	-0.00482
Kenichi_Gyroids_Position 177 0009 LC.hys	369.111658	2435.634942	114.558287	3851575.286704	550.576637	385.057481	51.71805	0.632374	21.409258	355.372072	1.396231	13.587059	-10.45984	-0.00482
Kenichi_Gyroids_Position 177 0009 LC.hys	399.462744	3434.458416	136.835887	4465013.309684	550.576637	418.287073	57.375101	0.769193	4.681335	374.475206	1.745555	13.587059	-10.45984	-0.00482
Kenichi_Gyroids_Position 177 0009 LC.hys	423.900213	4604.815567	147.368132	4991723.642182	550.576637	447.335481	58.440395	0.92249	10.202068	398.276006	1.570053	13.587059	-10.45984	-0.00482
Kenichi_Gyroids_Position 177 0009 LC.hys	446.477805	5946.196711	156.832792	5504347.916568	550.576637	474.913487	59.226868	1.080273	13.337306	417.750782	1.507684	13.587059	-10.45984	-0.00482
Kenichi_Gyroids_Position 177 0009 LC.hys	467.552385	7459.350307	166.922818	6005380.433399	550.576637	501.067951	60.350417	1.242111	10.126335	431.518747	1.556349	13.587059	-10.45984	-0.00482
Kenichi_Gyroids_Position 177 0009 LC.hys	488.483916	9144.084603	179.659818	6524549.594337	550.576637	526.656411	62.317571	1.401489	3.649726	437.867924	1.744486	13.587059	-10.45984	-0.00482
Kenichi_Gyroids_Position 177 0009 LC.hys	508.463228	10999.753526	196.680629	7040122.606062	550.576637	550.408463	65.675941	1.562438	0.496785	432.994206	2.099421	13.587059	-10.45984	-0.00482

