Number of Data Points = 12
       
File	hc(nm)	Pmax(µN)	S(µN/nm)	A(nm^2)	hmax(nm)	heff(nm)	Er(GPa)	H(GPa)	A	hf(nm)	m	X(mm)	Y(mm)	Drift(nm/s)
Kenichi_Gyroids_Position 177 0005 LC.hys	2.217453	9.430087	2.188952	3731.397867	509.900258	5.448481	31.749378	2.527226	1.133133	0.040358	1.255356	13.587059	-10.50984	0.336659
Kenichi_Gyroids_Position 177 0005 LC.hys	85.27222	152.199955	17.83315	298636.97247	509.900258	91.673219	28.912863	0.509649	0.442044	74.233553	2.043392	13.587059	-10.50984	0.336659
Kenichi_Gyroids_Position 177 0005 LC.hys	170.960337	466.131931	42.834637	955557.571376	509.900258	179.121932	38.824109	0.487811	2.280212	159.628982	1.791281	13.587059	-10.50984	0.336659
Kenichi_Gyroids_Position 177 0005 LC.hys	239.678801	951.495158	76.300791	1742083.347741	509.900258	249.03154	51.218801	0.546182	0.576	221.239612	2.228646	13.587059	-10.50984	0.336659
Kenichi_Gyroids_Position 177 0005 LC.hys	288.68122	1607.764138	95.80675	2444198.41	509.900258	301.267213	54.295359	0.657788	20.089065	277.922889	1.391089	13.587059	-10.50984	0.336659
Kenichi_Gyroids_Position 177 0005 LC.hys	324.817738	2435.727348	116.738986	3037315.069101	509.900258	340.466285	59.347964	0.801934	14.426123	309.339875	1.49182	13.587059	-10.50984	0.336659
Kenichi_Gyroids_Position 177 0005 LC.hys	355.444392	3434.739227	136.613371	3590076.148735	509.900258	374.300924	63.881662	0.956732	7.24448	332.73844	1.653107	13.587059	-10.50984	0.336659
Kenichi_Gyroids_Position 177 0005 LC.hys	381.450882	4605.230839	150.261166	4095524.542646	509.900258	404.437014	65.784991	1.124454	4.905115	351.567587	1.725043	13.587059	-10.50984	0.336659
Kenichi_Gyroids_Position 177 0005 LC.hys	403.761301	5947.192252	157.47585	4555541.385972	509.900258	432.085608	65.370046	1.305485	9.809611	372.809582	1.569571	13.587059	-10.50984	0.336659
Kenichi_Gyroids_Position 177 0005 LC.hys	426.162638	7459.438342	170.978521	5041966.206572	509.900258	458.883583	67.464673	1.47947	4.152338	383.297824	1.732509	13.587059	-10.50984	0.336659
Kenichi_Gyroids_Position 177 0005 LC.hys	446.430337	9144.329459	176.386397	5503243.978972	509.900258	485.312287	66.617838	1.661625	5.63528	399.286902	1.659357	13.587059	-10.50984	0.336659
Kenichi_Gyroids_Position 177 0005 LC.hys	467.308484	10999.222381	195.301333	5999457.42415	509.900258	509.547913	70.645426	1.83337	0.512841	391.764244	2.091358	13.587059	-10.50984	0.336659

