Number of Data Points = 12
       
File	hc(nm)	Pmax(µN)	S(µN/nm)	A(nm^2)	hmax(nm)	heff(nm)	Er(GPa)	H(GPa)	A	hf(nm)	m	X(mm)	Y(mm)	Drift(nm/s)
Kenichi_Gyroids_Position 177 0012 LC.hys	4.774361	9.622916	2.214541	7942.545497	541.833155	8.033361	22.01601	1.211566	0.22603	0.142444	1.815952	13.537059	-10.40984	-0.155003
Kenichi_Gyroids_Position 177 0012 LC.hys	106.965429	152.380636	15.933901	430985.768576	541.833155	114.137903	21.504308	0.353563	1.081119	97.357869	1.754628	13.537059	-10.40984	-0.155003
Kenichi_Gyroids_Position 177 0012 LC.hys	199.771368	466.204346	37.770608	1257167.471008	541.833155	209.028653	29.846419	0.370837	13.51816	193.203789	1.282087	13.537059	-10.40984	-0.155003
Kenichi_Gyroids_Position 177 0012 LC.hys	272.167446	951.558185	73.246617	2194447.627791	541.833155	281.910812	43.808642	0.433621	1.12033	255.229943	2.053772	13.537059	-10.40984	-0.155003
Kenichi_Gyroids_Position 177 0012 LC.hys	321.408267	1608.143307	96.228672	2978621.878731	541.833155	333.942031	49.400533	0.539895	4.03486	304.390087	1.76834	13.537059	-10.40984	-0.155003
Kenichi_Gyroids_Position 177 0012 LC.hys	358.098038	2435.684589	115.249451	3640133.171563	541.833155	373.948555	53.519871	0.66912	10.925844	341.197003	1.549707	13.537059	-10.40984	-0.155003
Kenichi_Gyroids_Position 177 0012 LC.hys	387.624998	3435.026926	132.193175	4220387.911811	541.833155	407.113675	57.012184	0.813913	11.629202	367.05957	1.541438	13.537059	-10.40984	-0.155003
Kenichi_Gyroids_Position 177 0012 LC.hys	413.49081	4605.379868	145.119196	4763788.963343	541.833155	437.292175	58.909242	0.966747	12.811433	389.100846	1.518547	13.537059	-10.40984	-0.155003
Kenichi_Gyroids_Position 177 0012 LC.hys	436.98275	5946.824339	156.66943	5285719.966039	541.833155	465.451088	60.376372	1.125074	8.325865	404.712089	1.600172	13.537059	-10.40984	-0.155003
Kenichi_Gyroids_Position 177 0012 LC.hys	459.432324	7459.229202	169.64407	5809755.329486	541.833155	492.409733	62.358346	1.283915	4.057605	416.153022	1.734294	13.537059	-10.40984	-0.155003
Kenichi_Gyroids_Position 177 0012 LC.hys	479.932928	9144.188321	179.48919	6309864.415418	541.833155	518.142144	63.308659	1.449189	2.815684	426.880693	1.79135	13.537059	-10.40984	-0.155003
Kenichi_Gyroids_Position 177 0012 LC.hys	499.590229	10998.99045	196.289618	6808737.862876	541.833155	541.616104	66.6498	1.615423	0.410439	422.163435	2.13177	13.537059	-10.40984	-0.155003

