Number of Data Points = 12
       
File	hc(nm)	Pmax(µN)	S(µN/nm)	A(nm^2)	hmax(nm)	heff(nm)	Er(GPa)	H(GPa)	A	hf(nm)	m	X(mm)	Y(mm)	Drift(nm/s)
Kenichi_Gyroids_Position 177 0002 LC.hys	2.735943	9.447888	2.300939	4568.557602	513.571013	5.815518	30.161325	2.068024	0.802448	0.041075	1.406308	13.637059	-10.55984	0.567535
Kenichi_Gyroids_Position 177 0002 LC.hys	92.077219	152.197709	18.116625	337676.87721	513.571013	98.377966	27.622404	0.45072	0.169493	79.078525	2.29728	13.637059	-10.55984	0.567535
Kenichi_Gyroids_Position 177 0002 LC.hys	184.79276	466.241289	41.430217	1095290.836983	513.571013	193.233	35.074162	0.425678	2.245992	173.200509	1.780088	13.637059	-10.55984	0.567535
Kenichi_Gyroids_Position 177 0002 LC.hys	249.958309	951.471935	69.062624	1879622.178405	513.571013	260.291017	44.631617	0.506204	12.183272	240.259855	1.453963	13.637059	-10.55984	0.567535
Kenichi_Gyroids_Position 177 0002 LC.hys	298.959537	1608.073481	101.949191	2606389.520343	513.571013	310.789499	55.949853	0.616974	1.103349	277.897441	2.085302	13.637059	-10.55984	0.567535
Kenichi_Gyroids_Position 177 0002 LC.hys	334.661438	2435.863365	113.535317	3209967.1055	513.571013	350.752444	56.145573	0.758844	35.737158	323.382635	1.275704	13.637059	-10.55984	0.567535
Kenichi_Gyroids_Position 177 0002 LC.hys	365.765261	3434.850512	140.035276	3786701.918176	513.571013	384.16161	63.759033	0.907082	3.410396	339.513059	1.820275	13.637059	-10.55984	0.567535
Kenichi_Gyroids_Position 177 0002 LC.hys	390.399017	4605.192999	151.249632	4277096.801115	513.571013	413.234741	64.796958	1.07671	3.704238	358.924574	1.783724	13.637059	-10.55984	0.567535
Kenichi_Gyroids_Position 177 0002 LC.hys	412.137219	5946.818265	158.961621	4734539.390034	513.571013	440.195021	64.727412	1.25605	9.93947	381.464748	1.569891	13.637059	-10.55984	0.567535
Kenichi_Gyroids_Position 177 0002 LC.hys	433.06362	7459.527353	171.682594	5196767.941038	513.571013	465.650764	66.725899	1.435417	5.558616	392.70454	1.678873	13.637059	-10.55984	0.567535
Kenichi_Gyroids_Position 177 0002 LC.hys	452.234204	9143.746325	178.509605	5639042.124805	513.571013	490.651239	66.602993	1.621507	5.171725	404.660392	1.678764	13.637059	-10.55984	0.567535
Kenichi_Gyroids_Position 177 0002 LC.hys	471.842719	10998.826186	197.847226	6110045.613636	513.571013	513.53711	70.915728	1.800122	0.480069	396.374089	2.107532	13.637059	-10.55984	0.567535

