Number of Data Points = 12
       
File	hc(nm)	Pmax(µN)	S(µN/nm)	A(nm^2)	hmax(nm)	heff(nm)	Er(GPa)	H(GPa)	A	hf(nm)	m	X(mm)	Y(mm)	Drift(nm/s)
Kenichi_Gyroids_Position 177 0015 LC.hys	2.357743	9.550862	2.073443	3957.281674	540.668777	5.812455	29.203063	2.413491	1.036903	0.000791	1.261682	13.687059	-10.40984	-0.064278
Kenichi_Gyroids_Position 177 0015 LC.hys	107.161789	152.327543	16.206547	432288.841768	540.668777	114.211141	21.83928	0.352374	3.250095	100.42733	1.466498	13.687059	-10.40984	-0.064278
Kenichi_Gyroids_Position 177 0015 LC.hys	205.859619	466.172941	42.300457	1326104.48903	540.668777	214.125007	32.545505	0.351536	2.097606	194.215759	1.806562	13.687059	-10.40984	-0.064278
Kenichi_Gyroids_Position 177 0015 LC.hys	274.514928	951.607171	71.871666	2229136.043757	540.668777	284.445203	42.650512	0.426895	2.253263	259.545668	1.880578	13.687059	-10.40984	-0.064278
Kenichi_Gyroids_Position 177 0015 LC.hys	323.899847	1607.992196	98.362748	3021457.78797	540.668777	336.160526	50.13687	0.532191	7.634245	309.516415	1.629851	13.687059	-10.40984	-0.064278
Kenichi_Gyroids_Position 177 0015 LC.hys	360.07219	2435.399067	115.74997	3677596.327277	540.668777	375.852317	53.477819	0.662226	16.991473	345.300937	1.45205	13.687059	-10.40984	-0.064278
Kenichi_Gyroids_Position 177 0015 LC.hys	389.426826	3434.47609	134.811917	4257179.521078	540.668777	408.533868	57.889811	0.806749	8.338635	367.294759	1.61874	13.687059	-10.40984	-0.064278
Kenichi_Gyroids_Position 177 0015 LC.hys	414.403557	4605.277781	145.084548	4783563.061039	540.668777	438.210078	58.773322	0.96273	11.143881	389.104428	1.547023	13.687059	-10.40984	-0.064278
Kenichi_Gyroids_Position 177 0015 LC.hys	436.500626	5946.432084	154.391859	5274736.661928	540.668777	465.38702	59.560568	1.127342	15.082506	408.436238	1.478658	13.687059	-10.40984	-0.064278
Kenichi_Gyroids_Position 177 0015 LC.hys	457.956442	7459.370416	165.344403	5774545.907674	540.668777	491.792046	60.96287	1.291767	7.091882	418.657285	1.621105	13.687059	-10.40984	-0.064278
Kenichi_Gyroids_Position 177 0015 LC.hys	477.983521	9143.894243	175.021885	6261423.07744	540.668777	517.166739	61.971308	1.460354	5.252848	429.925922	1.669863	13.687059	-10.40984	-0.064278
Kenichi_Gyroids_Position 177 0015 LC.hys	497.918515	10999.298878	194.195509	6765575.69583	540.668777	540.398767	66.148749	1.625774	0.380561	419.139724	2.14086	13.687059	-10.40984	-0.064278

