Number of Data Points = 12
       
File	hc(nm)	Pmax(µN)	S(µN/nm)	A(nm^2)	hmax(nm)	heff(nm)	Er(GPa)	H(GPa)	A	hf(nm)	m	X(mm)	Y(mm)	Drift(nm/s)
Kenichi_Gyroids_Position 177 0007 LC.hys	2.606985	9.61003	7.717276	4359.713347	500.832915	3.540932	103.554719	2.20428	0.263823	2.082801e-005	2.843507	13.687059	-10.50984	0.177114
Kenichi_Gyroids_Position 177 0007 LC.hys	76.34729	152.422631	16.944473	250865.998104	500.832915	83.093855	29.973812	0.607586	1.818191	68.305071	1.644035	13.687059	-10.50984	0.177114
Kenichi_Gyroids_Position 177 0007 LC.hys	170.85447	466.18917	42.724047	954524.23934	500.832915	179.038196	38.744828	0.4884	2.38186	159.625277	1.779103	13.687059	-10.50984	0.177114
Kenichi_Gyroids_Position 177 0007 LC.hys	238.777692	951.492531	73.256114	1730273.296454	500.832915	248.519123	49.342523	0.549909	5.560548	226.815707	1.670962	13.687059	-10.50984	0.177114
Kenichi_Gyroids_Position 177 0007 LC.hys	287.58163	1607.987602	97.665629	2427153.358731	500.832915	299.929788	55.542826	0.662499	7.72322	273.184567	1.624446	13.687059	-10.50984	0.177114
Kenichi_Gyroids_Position 177 0007 LC.hys	322.214379	2435.989707	111.582203	2992447.503411	500.832915	338.587889	57.150034	0.814046	32.891153	310.430994	1.289746	13.687059	-10.50984	0.177114
Kenichi_Gyroids_Position 177 0007 LC.hys	350.623186	3434.9801	130.507813	3500014.062195	500.832915	370.363269	61.806827	0.981419	17.473638	332.197279	1.450069	13.687059	-10.50984	0.177114
Kenichi_Gyroids_Position 177 0007 LC.hys	375.642706	4605.159217	146.461019	3979766.472771	500.832915	399.224881	65.047122	1.157143	8.953999	349.084123	1.594661	13.687059	-10.50984	0.177114
Kenichi_Gyroids_Position 177 0007 LC.hys	397.458269	5946.625003	153.201598	4423108.322534	500.832915	426.570033	64.540799	1.344445	16.787379	370.087592	1.455145	13.687059	-10.50984	0.177114
Kenichi_Gyroids_Position 177 0007 LC.hys	418.835513	7460.14907	166.078502	4880158.871092	500.832915	452.525074	66.608748	1.528669	6.450677	378.841496	1.64035	13.687059	-10.50984	0.177114
Kenichi_Gyroids_Position 177 0007 LC.hys	439.664633	9144.439708	181.173799	5347023.963474	500.832915	477.519609	69.418329	1.710192	1.11827	378.554808	1.960736	13.687059	-10.50984	0.177114
Kenichi_Gyroids_Position 177 0007 LC.hys	458.941052	10999.688516	197.054942	5798023.43264	500.832915	500.806362	72.507374	1.897145	0.18612	374.133879	2.269286	13.687059	-10.50984	0.177114

