Number of Data Points = 12
       
File	hc(nm)	Pmax(µN)	S(µN/nm)	A(nm^2)	hmax(nm)	heff(nm)	Er(GPa)	H(GPa)	A	hf(nm)	m	X(mm)	Y(mm)	Drift(nm/s)
Kenichi_Gyroids_Position 177 0014 LC.hys	1.15228	9.416098	2.902552	2023.517834	464.099903	3.585336	57.1691	4.653331	2.323629	0.016944	1.099972	13.637059	-10.40984	-0.101984
Kenichi_Gyroids_Position 177 0014 LC.hys	59.753888	152.159071	17.571125	172391.202658	464.099903	66.248595	37.495301	0.882638	0.827827	50.039887	1.87176	13.637059	-10.40984	-0.101984
Kenichi_Gyroids_Position 177 0014 LC.hys	140.802421	466.018682	44.561037	683379.503283	464.099903	148.64591	47.75943	0.681932	1.361596	128.367684	1.939018	13.637059	-10.40984	-0.101984
Kenichi_Gyroids_Position 177 0014 LC.hys	201.928924	951.541295	75.452481	1281389.752895	464.099903	211.387274	59.056504	0.742585	0.352814	181.935835	2.335352	13.637059	-10.40984	-0.101984
Kenichi_Gyroids_Position 177 0014 LC.hys	247.78092	1607.75863	99.262354	1850056.922835	464.099903	259.928717	64.658683	0.869032	4.203771	231.234515	1.771568	13.637059	-10.40984	-0.101984
Kenichi_Gyroids_Position 177 0014 LC.hys	284.142675	2435.778639	117.945179	2374227.39956	464.099903	299.631514	67.819388	1.025925	15.457492	269.073604	1.479674	13.637059	-10.40984	-0.101984
Kenichi_Gyroids_Position 177 0014 LC.hys	312.757535	3434.883227	131.901431	2832256.90122	464.099903	332.288501	69.441327	1.212772	18.800696	294.852048	1.437581	13.637059	-10.40984	-0.101984
Kenichi_Gyroids_Position 177 0014 LC.hys	337.917922	4604.931052	146.916577	3268128.555614	464.099903	361.425809	72.003907	1.409042	11.597501	313.067471	1.542833	13.637059	-10.40984	-0.101984
Kenichi_Gyroids_Position 177 0014 LC.hys	360.38508	5946.519935	155.604038	3683551.527347	464.099903	389.046868	71.832721	1.614344	12.685612	331.140843	1.515241	13.637059	-10.40984	-0.101984
Kenichi_Gyroids_Position 177 0014 LC.hys	381.847034	7460.425952	169.081552	4103480.134573	464.099903	414.939464	73.952845	1.818073	5.586586	341.117836	1.673078	13.637059	-10.40984	-0.101984
Kenichi_Gyroids_Position 177 0014 LC.hys	401.703628	9144.329459	177.021296	4512093.616419	464.099903	440.446125	73.836533	2.026627	5.828896	354.992974	1.654252	13.637059	-10.40984	-0.101984
Kenichi_Gyroids_Position 177 0014 LC.hys	421.793653	10999.309578	195.570786	4945167.899585	464.099903	463.97522	77.919882	2.224254	0.564677	347.264447	2.07515	13.637059	-10.40984	-0.101984

